 0.00000E+00
 1.00000E-04
 2.00000E-04
 3.00000E-04
 4.00000E-04
 5.00000E-04
 6.00000E-04
 7.00000E-04
 8.00000E-04
 9.00000E-04
 1.00000E-03
 1.10000E-03
 1.20000E-03
 1.30000E-03
 1.40000E-03
 1.50000E-03
 1.60000E-03
 1.70000E-03
 1.80000E-03
 1.90000E-03
 2.00000E-03
 2.10000E-03
 2.20000E-03
 2.30000E-03
 2.40000E-03
 2.50000E-03
 2.60000E-03
 2.70000E-03
 2.80000E-03
 2.90000E-03
 3.00000E-03
 3.10000E-03
 3.20000E-03
 3.30000E-03
 3.40000E-03
 3.50000E-03
 3.60000E-03
 3.70000E-03
 3.80000E-03
 3.90000E-03
 4.00000E-03
 4.10000E-03
 4.20000E-03
 4.30000E-03
 4.40000E-03
 4.50000E-03
 4.60000E-03
 4.70000E-03
 4.80000E-03
 4.90000E-03
 5.00000E-03
 5.10000E-03
 5.20000E-03
 5.30000E-03
 5.40000E-03
 5.50000E-03
 5.60000E-03
 5.70000E-03
 5.80000E-03
 5.90000E-03
 6.00000E-03
 6.10000E-03
 6.20000E-03
 6.30000E-03
 6.40000E-03
 6.50000E-03
 6.60000E-03
 6.70000E-03
 6.80000E-03
 6.90000E-03
 7.00000E-03
 7.10000E-03
 7.20000E-03
 7.30000E-03
 7.40000E-03
 7.50000E-03
 7.60000E-03
 7.70000E-03
 7.80000E-03
 7.90000E-03
 8.00000E-03
 8.10000E-03
 8.20000E-03
 8.30000E-03
 8.40000E-03
 8.50000E-03
 8.60000E-03
 8.70000E-03
 8.80000E-03
 8.90000E-03
 9.00000E-03
 9.10000E-03
 9.20000E-03
 9.30000E-03
 9.40000E-03
 9.50000E-03
 9.60000E-03
 9.70000E-03
 9.80000E-03
 9.90000E-03
 1.00000E-02
 1.01000E-02
 1.02000E-02
 1.03000E-02
 1.04000E-02
 1.05000E-02
 1.06000E-02
 1.07000E-02
 1.08000E-02
 1.09000E-02
 1.10000E-02
 1.11000E-02
 1.12000E-02
 1.13000E-02
 1.14000E-02
 1.15000E-02
 1.16000E-02
 1.17000E-02
 1.18000E-02
 1.19000E-02
 1.20000E-02
 1.21000E-02
 1.22000E-02
 1.23000E-02
 1.24000E-02
 1.25000E-02
 1.26000E-02
 1.27000E-02
 1.28000E-02
 1.29000E-02
 1.30000E-02
 1.31000E-02
 1.32000E-02
 1.33000E-02
 1.34000E-02
 1.35000E-02
 1.36000E-02
 1.37000E-02
 1.38000E-02
 1.39000E-02
 1.40000E-02
 1.41000E-02
 1.42000E-02
 1.43000E-02
 1.44000E-02
 1.45000E-02
 1.46000E-02
 1.47000E-02
 1.48000E-02
 1.49000E-02
 1.50000E-02
 1.51000E-02
 1.52000E-02
 1.53000E-02
 1.54000E-02
 1.55000E-02
 1.56000E-02
 1.57000E-02
 1.58000E-02
 1.59000E-02
 1.60000E-02
 1.61000E-02
 1.62000E-02
 1.63000E-02
 1.64000E-02
 1.65000E-02
 1.66000E-02
 1.67000E-02
 1.68000E-02
 1.69000E-02
 1.70000E-02
 1.71000E-02
 1.72000E-02
 1.73000E-02
 1.74000E-02
 1.75000E-02
 1.76000E-02
 1.77000E-02
 1.78000E-02
 1.79000E-02
 1.80000E-02
 1.81000E-02
 1.82000E-02
 1.83000E-02
 1.84000E-02
 1.85000E-02
 1.86000E-02
 1.87000E-02
 1.88000E-02
 1.89000E-02
 1.90000E-02
 1.91000E-02
 1.92000E-02
 1.93000E-02
 1.94000E-02
 1.95000E-02
 1.96000E-02
 1.97000E-02
 1.98000E-02
 1.99000E-02
 2.00000E-02
 2.01000E-02
 2.02000E-02
 2.03000E-02
 2.04000E-02
 2.05000E-02
 2.06000E-02
 2.07000E-02
 2.08000E-02
 2.09000E-02
 2.10000E-02
 2.11000E-02
 2.12000E-02
 2.13000E-02
 2.14000E-02
 2.15000E-02
 2.16000E-02
 2.17000E-02
 2.18000E-02
 2.19000E-02
 2.20000E-02
 2.21000E-02
 2.22000E-02
 2.23000E-02
 2.24000E-02
 2.25000E-02
 2.26000E-02
 2.27000E-02
 2.28000E-02
 2.29000E-02
 2.30000E-02
 2.31000E-02
 2.32000E-02
 2.33000E-02
 2.34000E-02
 2.35000E-02
 2.36000E-02
 2.37000E-02
 2.38000E-02
 2.39000E-02
 2.40000E-02
 2.41000E-02
 2.42000E-02
 2.43000E-02
 2.44000E-02
 2.45000E-02
 2.46000E-02
 2.47000E-02
 2.48000E-02
 2.49000E-02
 2.50000E-02
 2.51000E-02
 2.52000E-02
 2.53000E-02
 2.54000E-02
 2.55000E-02
 2.56000E-02
 2.57000E-02
 2.58000E-02
 2.59000E-02
 2.60000E-02
 2.61000E-02
 2.62000E-02
 2.63000E-02
 2.64000E-02
 2.65000E-02
 2.66000E-02
 2.67000E-02
 2.68000E-02
 2.69000E-02
 2.70000E-02
 2.71000E-02
 2.72000E-02
 2.73000E-02
 2.74000E-02
 2.75000E-02
 2.76000E-02
 2.77000E-02
 2.78000E-02
 2.79000E-02
 2.80000E-02
 2.81000E-02
 2.82000E-02
 2.83000E-02
 2.84000E-02
 2.85000E-02
 2.86000E-02
 2.87000E-02
 2.88000E-02
 2.89000E-02
 2.90000E-02
 2.91000E-02
 2.92000E-02
 2.93000E-02
 2.94000E-02
 2.95000E-02
 2.96000E-02
 2.97000E-02
 2.98000E-02
 2.99000E-02
 3.00000E-02
 3.01000E-02
 3.02000E-02
 3.03000E-02
 3.04000E-02
 3.05000E-02
 3.06000E-02
 3.07000E-02
 3.08000E-02
 3.09000E-02
 3.10000E-02
 3.11000E-02
 3.12000E-02
 3.13000E-02
 3.14000E-02
 3.15000E-02
 3.16000E-02
 3.17000E-02
 3.18000E-02
 3.19000E-02
 3.20000E-02
 3.21000E-02
 3.22000E-02
 3.23000E-02
 3.24000E-02
 3.25000E-02
 3.26000E-02
 3.27000E-02
 3.28000E-02
 3.29000E-02
 3.30000E-02
 3.31000E-02
 3.32000E-02
 3.33000E-02
 3.34000E-02
 3.35000E-02
 3.36000E-02
 3.37000E-02
 3.38000E-02
 3.39000E-02
 3.40000E-02
 3.41000E-02
 3.42000E-02
 3.43000E-02
 3.44000E-02
 3.45000E-02
 3.46000E-02
 3.47000E-02
 3.48000E-02
 3.49000E-02
 3.50000E-02
 3.51000E-02
 3.52000E-02
 3.53000E-02
 3.54000E-02
 3.55000E-02
 3.56000E-02
 3.57000E-02
 3.58000E-02
 3.59000E-02
 3.60000E-02
 3.61000E-02
 3.62000E-02
 3.63000E-02
 3.64000E-02
 3.65000E-02
 3.66000E-02
 3.67000E-02
 3.68000E-02
 3.69000E-02
 3.70000E-02
 3.71000E-02
 3.72000E-02
 3.73000E-02
 3.74000E-02
 3.75000E-02
 3.76000E-02
 3.77000E-02
 3.78000E-02
 3.79000E-02
 3.80000E-02
 3.81000E-02
 3.82000E-02
 3.83000E-02
 3.84000E-02
 3.85000E-02
 3.86000E-02
 3.87000E-02
 3.88000E-02
 3.89000E-02
 3.90000E-02
 3.91000E-02
 3.92000E-02
 3.93000E-02
 3.94000E-02
 3.95000E-02
 3.96000E-02
 3.97000E-02
 3.98000E-02
 3.99000E-02
 4.00000E-02
 4.01000E-02
 4.02000E-02
 4.03000E-02
 4.04000E-02
 4.05000E-02
 4.06000E-02
 4.07000E-02
 4.08000E-02
 4.09000E-02
 4.10000E-02
 4.11000E-02
 4.12000E-02
 4.13000E-02
 4.14000E-02
 4.15000E-02
 4.16000E-02
 4.17000E-02
 4.18000E-02
 4.19000E-02
 4.20000E-02
 4.21000E-02
 4.22000E-02
 4.23000E-02
 4.24000E-02
 4.25000E-02
 4.26000E-02
 4.27000E-02
 4.28000E-02
 4.29000E-02
 4.30000E-02
 4.31000E-02
 4.32000E-02
 4.33000E-02
 4.34000E-02
 4.35000E-02
 4.36000E-02
 4.37000E-02
 4.38000E-02
 4.39000E-02
 4.40000E-02
 4.41000E-02
 4.42000E-02
 4.43000E-02
 4.44000E-02
 4.45000E-02
 4.46000E-02
 4.47000E-02
 4.48000E-02
 4.49000E-02
 4.50000E-02
 4.51000E-02
 4.52000E-02
 4.53000E-02
 4.54000E-02
 4.55000E-02
 4.56000E-02
 4.57000E-02
 4.58000E-02
 4.59000E-02
 4.60000E-02
 4.61000E-02
 4.62000E-02
 4.63000E-02
 4.64000E-02
 4.65000E-02
 4.66000E-02
 4.67000E-02
 4.68000E-02
 4.69000E-02
 4.70000E-02
 4.71000E-02
 4.72000E-02
 4.73000E-02
 4.74000E-02
 4.75000E-02
 4.76000E-02
 4.77000E-02
 4.78000E-02
 4.79000E-02
 4.80000E-02
 4.81000E-02
 4.82000E-02
 4.83000E-02
 4.84000E-02
 4.85000E-02
 4.86000E-02
 4.87000E-02
 4.88000E-02
 4.89000E-02
 4.90000E-02
 4.91000E-02
 4.92000E-02
 4.93000E-02
 4.94000E-02
 4.95000E-02
 4.96000E-02
 4.97000E-02
 4.98000E-02
 4.99000E-02
 5.00000E-02
 5.01000E-02
 5.02000E-02
 5.03000E-02
 5.04000E-02
 5.05000E-02
 5.06000E-02
 5.07000E-02
 5.08000E-02
 5.09000E-02
 5.10000E-02
 5.11000E-02
 5.12000E-02
 5.13000E-02
 5.14000E-02
 5.15000E-02
 5.16000E-02
 5.17000E-02
 5.18000E-02
 5.19000E-02
 5.20000E-02
 5.21000E-02
 5.22000E-02
 5.23000E-02
 5.24000E-02
 5.25000E-02
 5.26000E-02
 5.27000E-02
 5.28000E-02
 5.29000E-02
 5.30000E-02
 5.31000E-02
 5.32000E-02
 5.33000E-02
 5.34000E-02
 5.35000E-02
 5.36000E-02
 5.37000E-02
 5.38000E-02
 5.39000E-02
 5.40000E-02
 5.41000E-02
 5.42000E-02
 5.43000E-02
 5.44000E-02
 5.45000E-02
 5.46000E-02
 5.47000E-02
 5.48000E-02
 5.49000E-02
 5.50000E-02
 5.51000E-02
 5.52000E-02
 5.53000E-02
 5.54000E-02
 5.55000E-02
 5.56000E-02
 5.57000E-02
 5.58000E-02
 5.59000E-02
 5.60000E-02
 5.61000E-02
 5.62000E-02
 5.63000E-02
 5.64000E-02
 5.65000E-02
 5.66000E-02
 5.67000E-02
 5.68000E-02
 5.69000E-02
 5.70000E-02
 5.71000E-02
 5.72000E-02
 5.73000E-02
 5.74000E-02
 5.75000E-02
 5.76000E-02
 5.77000E-02
 5.78000E-02
 5.79000E-02
 5.80000E-02
 5.81000E-02
 5.82000E-02
 5.83000E-02
 5.84000E-02
 5.85000E-02
 5.86000E-02
 5.87000E-02
 5.88000E-02
 5.89000E-02
 5.90000E-02
 5.91000E-02
 5.92000E-02
 5.93000E-02
 5.94000E-02
 5.95000E-02
 5.96000E-02
 5.97000E-02
 5.98000E-02
 5.99000E-02
 6.00000E-02
 6.01000E-02
 6.02000E-02
 6.03000E-02
 6.04000E-02
 6.05000E-02
 6.06000E-02
 6.07000E-02
 6.08000E-02
 6.09000E-02
 6.10000E-02
 6.11000E-02
 6.12000E-02
 6.13000E-02
 6.14000E-02
 6.15000E-02
 6.16000E-02
 6.17000E-02
 6.18000E-02
 6.19000E-02
 6.20000E-02
 6.21000E-02
 6.22000E-02
 6.23000E-02
 6.24000E-02
 6.25000E-02
 6.26000E-02
 6.27000E-02
 6.28000E-02
 6.29000E-02
 6.30000E-02
 6.31000E-02
 6.32000E-02
 6.33000E-02
 6.34000E-02
 6.35000E-02
 6.36000E-02
 6.37000E-02
 6.38000E-02
 6.39000E-02
 6.40000E-02
 6.41000E-02
 6.42000E-02
 6.43000E-02
 6.44000E-02
 6.45000E-02
 6.46000E-02
 6.47000E-02
 6.48000E-02
 6.49000E-02
 6.50000E-02
 6.51000E-02
 6.52000E-02
 6.53000E-02
 6.54000E-02
 6.55000E-02
 6.56000E-02
 6.57000E-02
 6.58000E-02
 6.59000E-02
 6.60000E-02
 6.61000E-02
 6.62000E-02
 6.63000E-02
 6.64000E-02
 6.65000E-02
 6.66000E-02
 6.67000E-02
 6.68000E-02
 6.69000E-02
 6.70000E-02
 6.71000E-02
 6.72000E-02
 6.73000E-02
 6.74000E-02
 6.75000E-02
 6.76000E-02
 6.77000E-02
 6.78000E-02
 6.79000E-02
 6.80000E-02
 6.81000E-02
 6.82000E-02
 6.83000E-02
 6.84000E-02
 6.85000E-02
 6.86000E-02
 6.87000E-02
 6.88000E-02
 6.89000E-02
 6.90000E-02
 6.91000E-02
 6.92000E-02
 6.93000E-02
 6.94000E-02
 6.95000E-02
 6.96000E-02
 6.97000E-02
 6.98000E-02
 6.99000E-02
 7.00000E-02
 7.01000E-02
 7.02000E-02
 7.03000E-02
 7.04000E-02
 7.05000E-02
 7.06000E-02
 7.07000E-02
 7.08000E-02
 7.09000E-02
 7.10000E-02
 7.11000E-02
 7.12000E-02
 7.13000E-02
 7.14000E-02
 7.15000E-02
 7.16000E-02
 7.17000E-02
 7.18000E-02
 7.19000E-02
 7.20000E-02
 7.21000E-02
 7.22000E-02
 7.23000E-02
 7.24000E-02
 7.25000E-02
 7.26000E-02
 7.27000E-02
 7.28000E-02
 7.29000E-02
 7.30000E-02
 7.31000E-02
 7.32000E-02
 7.33000E-02
 7.34000E-02
 7.35000E-02
 7.36000E-02
 7.37000E-02
 7.38000E-02
 7.39000E-02
 7.40000E-02
 7.41000E-02
 7.42000E-02
 7.43000E-02
 7.44000E-02
 7.45000E-02
 7.46000E-02
 7.47000E-02
 7.48000E-02
 7.49000E-02
 7.50000E-02
 7.51000E-02
 7.52000E-02
 7.53000E-02
 7.54000E-02
 7.55000E-02
 7.56000E-02
 7.57000E-02
 7.58000E-02
 7.59000E-02
 7.60000E-02
 7.61000E-02
 7.62000E-02
 7.63000E-02
 7.64000E-02
 7.65000E-02
 7.66000E-02
 7.67000E-02
 7.68000E-02
 7.69000E-02
 7.70000E-02
 7.71000E-02
 7.72000E-02
 7.73000E-02
 7.74000E-02
 7.75000E-02
 7.76000E-02
 7.77000E-02
 7.78000E-02
 7.79000E-02
 7.80000E-02
 7.81000E-02
 7.82000E-02
 7.83000E-02
 7.84000E-02
 7.85000E-02
 7.86000E-02
 7.87000E-02
 7.88000E-02
 7.89000E-02
 7.90000E-02
 7.91000E-02
 7.92000E-02
 7.93000E-02
 7.94000E-02
 7.95000E-02
 7.96000E-02
 7.97000E-02
 7.98000E-02
 7.99000E-02
 8.00000E-02
 8.01000E-02
 8.02000E-02
 8.03000E-02
 8.04000E-02
 8.05000E-02
 8.06000E-02
 8.07000E-02
 8.08000E-02
 8.09000E-02
 8.10000E-02
 8.11000E-02
 8.12000E-02
 8.13000E-02
 8.14000E-02
 8.15000E-02
 8.16000E-02
 8.17000E-02
 8.18000E-02
 8.19000E-02
 8.20000E-02
 8.21000E-02
 8.22000E-02
 8.23000E-02
 8.24000E-02
 8.25000E-02
 8.26000E-02
 8.27000E-02
 8.28000E-02
 8.29000E-02
 8.30000E-02
 8.31000E-02
 8.32000E-02
 8.33000E-02
 8.34000E-02
 8.35000E-02
 8.36000E-02
 8.37000E-02
 8.38000E-02
 8.39000E-02
 8.40000E-02
 8.41000E-02
 8.42000E-02
 8.43000E-02
 8.44000E-02
 8.45000E-02
 8.46000E-02
 8.47000E-02
 8.48000E-02
 8.49000E-02
 8.50000E-02
 8.51000E-02
 8.52000E-02
 8.53000E-02
 8.54000E-02
 8.55000E-02
 8.56000E-02
 8.57000E-02
 8.58000E-02
 8.59000E-02
 8.60000E-02
 8.61000E-02
 8.62000E-02
 8.63000E-02
 8.64000E-02
 8.65000E-02
 8.66000E-02
 8.67000E-02
 8.68000E-02
 8.69000E-02
 8.70000E-02
 8.71000E-02
 8.72000E-02
 8.73000E-02
 8.74000E-02
 8.75000E-02
 8.76000E-02
 8.77000E-02
 8.78000E-02
 8.79000E-02
 8.80000E-02
 8.81000E-02
 8.82000E-02
 8.83000E-02
 8.84000E-02
 8.85000E-02
 8.86000E-02
 8.87000E-02
 8.88000E-02
 8.89000E-02
 8.90000E-02
 8.91000E-02
 8.92000E-02
 8.93000E-02
 8.94000E-02
 8.95000E-02
 8.96000E-02
 8.97000E-02
 8.98000E-02
 8.99000E-02
 9.00000E-02
 9.01000E-02
 9.02000E-02
 9.03000E-02
 9.04000E-02
 9.05000E-02
 9.06000E-02
 9.07000E-02
 9.08000E-02
 9.09000E-02
 9.10000E-02
 9.11000E-02
 9.12000E-02
 9.13000E-02
 9.14000E-02
 9.15000E-02
 9.16000E-02
 9.17000E-02
 9.18000E-02
 9.19000E-02
 9.20000E-02
 9.21000E-02
 9.22000E-02
 9.23000E-02
 9.24000E-02
 9.25000E-02
 9.26000E-02
 9.27000E-02
 9.28000E-02
 9.29000E-02
 9.30000E-02
 9.31000E-02
 9.32000E-02
 9.33000E-02
 9.34000E-02
 9.35000E-02
 9.36000E-02
 9.37000E-02
 9.38000E-02
 9.39000E-02
 9.40000E-02
 9.41000E-02
 9.42000E-02
 9.43000E-02
 9.44000E-02
 9.45000E-02
 9.46000E-02
 9.47000E-02
 9.48000E-02
 9.49000E-02
 9.50000E-02
 9.51000E-02
 9.52000E-02
 9.53000E-02
 9.54000E-02
 9.55000E-02
 9.56000E-02
 9.57000E-02
 9.58000E-02
 9.59000E-02
 9.60000E-02
 9.61000E-02
 9.62000E-02
 9.63000E-02
 9.64000E-02
 9.65000E-02
 9.66000E-02
 9.67000E-02
 9.68000E-02
 9.69000E-02
 9.70000E-02
 9.71000E-02
 9.72000E-02
 9.73000E-02
 9.74000E-02
 9.75000E-02
 9.76000E-02
 9.77000E-02
 9.78000E-02
 9.79000E-02
 9.80000E-02
 9.81000E-02
 9.82000E-02
 9.83000E-02
 9.84000E-02
 9.85000E-02
 9.86000E-02
 9.87000E-02
 9.88000E-02
 9.89000E-02
 9.90000E-02
 9.91000E-02
 9.92000E-02
 9.93000E-02
 9.94000E-02
 9.95000E-02
 9.96000E-02
 9.97000E-02
 9.98000E-02
 9.99000E-02
 1.00000E-01
